Selection	View	Channel	Begin Time (s)	End Time (s)	Low Freq (Hz)	High Freq (Hz)	Begin File	Begin Clock Time	Delta Time (s)	Delta Freq (Hz)	Avg Power Density (dB FS/Hz)	Category	Comment
1	Spectrogram 1	1	9.777385552	16.119473477	42.8	3791.0	HS180911-1053-MAN.wav	9.7774	6.3421	3748.212	-65.36	Ee131	
2	Spectrogram 1	1	17.680972398	24.983982737	80.2	3769.6	HS180911-1053-MAN.wav	17.6810	7.3030	3689.395	-64.57	Ee131	
3	Spectrogram 1	1	26.041846121	33.152671977	85.6	3689.4	HS180911-1053-MAN.wav	26.0418	7.1108	3603.844	-63.97	Ee131	
4	Spectrogram 1	1	34.329801933	41.921088995	48.1	3657.3	HS180911-1053-MAN.wav	34.3298	7.5913	3609.191	-64.24	Ee131	
5	Spectrogram 1	1	42.998781888	50.205699985	42.8	3668.0	HS180911-1053-MAN.wav	42.9988	7.2069	3625.232	-65.76	Ee121	
6	Spectrogram 1	1	51.214668519	70.793530418	74.9	3716.1	HS180911-1053-MAN.wav	51.2147	19.5789	3641.273	-68.27	Ee125	
7	Spectrogram 1	1	71.258066775	84.710980556	48.1	3438.1	HS180911-1053-MAN.wav	71.2581	13.4529	3389.966	-69.44	Ij13	
8	Spectrogram 1	1	85.124414707	99.225951117	32.1	3422.0	HS180911-1053-MAN.wav	85.1244	14.1015	3389.966	-68.90	Ij13	
9	Spectrogram 1	1	99.614581370	114.244625107	32.1	3411.4	HS180911-1053-MAN.wav	99.6146	14.6300	3379.272	-66.72	Ij13	
10	Spectrogram 1	1	114.639367217	129.221364833	37.4	3320.5	HS180911-1053-MAN.wav	114.6394	14.5820	3283.027	-66.47	Ij13	
11	Spectrogram 1	1	129.544750863	144.246863782	32.1	3384.6	HS180911-1053-MAN.wav	129.5448	14.7021	3352.537	-65.18	Ij13	
12	Spectrogram 1	1	145.077857742	160.380547169	48.1	3529.0	HS180911-1053-MAN.wav	145.0779	15.3027	3480.864	-64.23	Dc13	
13	Spectrogram 1	1	160.741741804	176.548915497	37.4	3512.9	HS180911-1053-MAN.wav	160.7417	15.8072	3475.517	-65.68	Dc13	
14	Spectrogram 1	1	176.977985918	194.923211980	42.8	3448.8	HS180911-1053-MAN.wav	176.9780	17.9452	3406.007	-65.02	Dc13	
15	Spectrogram 1	1	195.339345586	214.894116690	85.6	3448.8	HS180911-1053-MAN.wav	195.3393	19.5548	3363.231	-67.62	Dc14	
16	Spectrogram 1	1	215.212171858	227.487955684	139.0	3454.1	HS180911-1053-MAN.wav	215.2122	12.2758	3315.109	-66.23	Dg122	
17	Spectrogram 1	1	227.867061523	235.602486947	90.9	3448.8	HS180911-1053-MAN.wav	227.8671	7.7354	3357.884	-67.21	Il22	
18	Spectrogram 1	1	236.224098480	244.488031232	128.3	3459.5	HS180911-1053-MAN.wav	236.2241	8.2639	3331.149	-67.16	Ib26	
19	Spectrogram 1	1	245.142765717	254.944174329	74.9	3448.8	HS180911-1053-MAN.wav	245.1428	9.8014	3373.925	-67.86	Ib29	
20	Spectrogram 1	1	255.325911731	264.310536292	197.8	3427.4	HS180911-1053-MAN.wav	255.3259	8.9846	3229.557	-68.44	Ib27	
21	Spectrogram 1	1	264.769741630	274.571150242	112.3	3406.0	HS180911-1053-MAN.wav	264.7697	9.8014	3293.721	-68.22	Ib210	
22	Spectrogram 1	1	275.005908154	284.687201465	58.8	3368.6	HS180911-1053-MAN.wav	275.0059	9.6813	3309.762	-67.29	Ib29	
23	Spectrogram 1	1	285.095593490	295.233324947	112.3	3395.3	HS180911-1053-MAN.wav	285.0956	10.1377	3283.027	-67.73	Ib213	
24	Spectrogram 1	1	295.657120684	305.122206451	69.5	3390.0	HS180911-1053-MAN.wav	295.6571	9.4651	3320.456	-66.78	Ib22	
25	Spectrogram 1	1	305.698759899	314.587292219	128.3	3470.2	HS180911-1053-MAN.wav	305.6988	8.8885	3341.843	-67.98	Ib210	
26	Spectrogram 1	1	315.076632473	324.757925784	96.2	3480.9	HS180911-1053-MAN.wav	315.0766	9.6813	3384.619	-67.78	Ib29	
27	Spectrogram 1	1	325.274633763	334.787765652	96.2	3512.9	HS180911-1053-MAN.wav	325.2746	9.5131	3416.701	-68.03	Ib210	
28	Spectrogram 1	1	335.462754167	345.936808468	128.3	3486.2	HS180911-1053-MAN.wav	335.4628	10.4741	3357.884	-68.38	Ib214	
29	Spectrogram 1	1	346.373484685	356.439146961	139.0	3480.9	HS180911-1053-MAN.wav	346.3735	10.0657	3341.843	-68.32	Ib214	
30	Spectrogram 1	1	356.799492865	366.745039840	112.3	3491.6	HS180911-1053-MAN.wav	356.7995	9.9455	3379.272	-68.77	Ib211	
31	Spectrogram 1	1	367.182140578	376.431018803	123.0	3507.6	HS180911-1053-MAN.wav	367.1821	9.2489	3384.619	-67.47	Il22	
32	Spectrogram 1	1	377.079641432	386.088289053	64.2	3539.7	HS180911-1053-MAN.wav	377.0796	9.0086	3475.517	-66.07	Il22	
33	Spectrogram 1	1	386.568750260	395.481305640	123.0	3550.4	HS180911-1053-MAN.wav	386.5688	8.9126	3427.395	-65.25	Il22	
34	Spectrogram 1	1	396.067875759	405.148592562	144.4	3555.7	HS180911-1053-MAN.wav	396.0679	9.0807	3411.354	-65.35	Il22	
35	Spectrogram 1	1	405.508938467	414.829885872	106.9	3534.3	HS180911-1053-MAN.wav	405.5089	9.3209	3427.395	-66.07	Il22	
36	Spectrogram 1	1	415.197973358	424.566966885	112.3	3512.9	HS180911-1053-MAN.wav	415.1980	9.3690	3400.660	-65.67	Ic21	
37	Spectrogram 1	1	425.247286262	435.505133020	53.5	3491.6	HS180911-1053-MAN.wav	425.2473	10.2578	3438.088	-62.96	Ic21	
38	Spectrogram 1	1	436.402440778	447.380979346	53.5	3491.6	HS180911-1053-MAN.wav	436.4024	10.9785	3438.088	-62.42	Ic21	
39	Spectrogram 1	1	448.057886323	458.892286529	64.2	3486.2	HS180911-1053-MAN.wav	448.0579	10.8344	3422.048	-63.02	Ic21	
40	Spectrogram 1	1	459.516886097	469.870825097	112.3	3432.7	HS180911-1053-MAN.wav	459.5169	10.3539	3320.456	-62.43	Ic21	
41	Spectrogram 1	1	470.599258331	487.751723402	192.5	3390.0	HS180911-1053-MAN.wav	470.5993	17.1525	3197.476	-62.12	Ic23	
42	Spectrogram 1	1	488.324575555	504.055062307	117.6	3507.6	HS180911-1053-MAN.wav	488.3246	15.7305	3389.966	-67.03	Dm12	
43	Spectrogram 1	1	504.750304696	520.197132484	90.9	3550.4	HS180911-1053-MAN.wav	504.7503	15.4468	3459.476	-67.10	Dm12	
44	Spectrogram 1	1	520.937721695	536.504664785	117.6	3545.0	HS180911-1053-MAN.wav	520.9377	15.5669	3427.395	-66.18	Dm13	
45	Spectrogram 1	1	537.010778619	553.226344338	96.2	3571.8	HS180911-1053-MAN.wav	537.0108	16.2156	3475.517	-67.71	Dm13	
46	Spectrogram 1	1	554.125559470	569.596410319	74.9	3566.4	HS180911-1053-MAN.wav	554.1256	15.4709	3491.558	-66.43	Dm12	
47	Spectrogram 1	1	570.546025642	585.344230802	123.0	3609.2	HS180911-1053-MAN.wav	570.5460	14.7982	3486.211	-66.04	Dm13	
48	Spectrogram 1	1	585.954042987	601.569032198	64.2	3619.9	HS180911-1053-MAN.wav	585.9540	15.6150	3555.721	-66.58	Dm13	
49	Spectrogram 1	1	602.750066812	617.308041368	96.2	3625.2	HS180911-1053-MAN.wav	602.7501	14.5580	3528.987	-65.68	Dm12	
50	Spectrogram 1	1	617.917853554	634.301580695	74.9	3657.3	HS180911-1053-MAN.wav	617.9179	16.3837	3582.456	-65.94	Dm12	
51	Spectrogram 1	1	634.848848427	649.382799923	123.0	3668.0	HS180911-1053-MAN.wav	634.8488	14.5340	3545.027	-65.98	Il22	
52	Spectrogram 1	1	650.026159426	661.220905537	112.3	3529.0	HS180911-1053-MAN.wav	650.0262	11.1947	3416.701	-65.59	Il22	
53	Spectrogram 1	1	661.575139428	672.505631875	171.1	3534.3	HS180911-1053-MAN.wav	661.5751	10.9305	3363.231	-65.94	Il22	
54	Spectrogram 1	1	672.940814153	682.213715438	128.3	3518.3	HS180911-1053-MAN.wav	672.9408	9.2729	3389.966	-64.66	Il22	
55	Spectrogram 1	1	682.942861930	693.224731749	117.6	3470.2	HS180911-1053-MAN.wav	682.9429	10.2819	3352.537	-65.52	Il22	
56	Spectrogram 1	1	693.866529420	703.860122514	112.3	3400.7	HS180911-1053-MAN.wav	693.8665	9.9936	3288.374	-66.01	Il22	
57	Spectrogram 1	1	704.418051499	714.820036620	80.2	3379.3	HS180911-1053-MAN.wav	704.4181	10.4020	3299.068	-65.62	Il22	
58	Spectrogram 1	1	715.447760009	725.129053320	133.7	3400.7	HS180911-1053-MAN.wav	715.4478	9.6813	3266.986	-65.54	Il22	
59	Spectrogram 1	1	725.753652888	734.233793182	37.4	3416.7	HS180911-1053-MAN.wav	725.7537	8.4801	3379.272	-61.40	Il22	
60	Spectrogram 1	1	735.082274129	746.805527567	58.8	3384.6	HS180911-1053-MAN.wav	735.0823	11.7233	3325.803	-64.21	Ee221	
61	Spectrogram 1	1	748.237098036	757.582068502	69.5	3443.4	HS180911-1053-MAN.wav	748.2371	9.3450	3373.925	-62.92	Ee121	
62	Spectrogram 1	1	758.879313760	767.479569356	53.5	3443.4	HS180911-1053-MAN.wav	758.8793	8.6003	3389.966	-64.32	Ee121	
63	Spectrogram 1	1	768.810854345	777.315017700	58.8	3443.4	HS180911-1053-MAN.wav	768.8109	8.5042	3384.619	-65.96	Ee121	
64	Spectrogram 1	1	778.780424380	786.756080407	53.5	3502.3	HS180911-1053-MAN.wav	778.7804	7.9757	3448.782	-66.10	Ee121	
65	Spectrogram 1	1	788.236053626	796.211709654	90.9	3443.4	HS180911-1053-MAN.wav	788.2361	7.9757	3352.537	-65.53	Ee121	
66	Spectrogram 1	1	797.360690733	817.636153646	10.7	3470.2	HS180911-1053-MAN.wav	797.3607	20.2755	3459.476	-70.17	Ee125	
67	Spectrogram 1	1	817.910423982	833.044951986	64.2	3411.4	HS180911-1053-MAN.wav	817.9104	15.1345	3347.190	-72.36	Ij13	
68	Spectrogram 1	1	833.341683392	848.380119155	0.0	3411.4	HS180911-1053-MAN.wav	833.3417	15.0384	3411.354	-71.07	Ij13	
69	Spectrogram 1	1	848.588788638	863.651247461	0.0	3256.3	HS180911-1053-MAN.wav	848.5888	15.0625	3256.292	-70.09	Ij13	
70	Spectrogram 1	1	864.004584420	879.091066303	32.1	3229.6	HS180911-1053-MAN.wav	864.0046	15.0865	3197.476	-69.48	Ij13	
71	Spectrogram 1	1	879.345082294	894.936048444	0.0	3213.5	HS180911-1053-MAN.wav	879.3451	15.5910	3213.517	-69.87	Ij13	
72	Spectrogram 1	1	895.242728630	910.209095212	0.0	3277.7	HS180911-1053-MAN.wav	895.2427	14.9664	3277.680	-70.03	Ij13	
73	Spectrogram 1	1	910.437950675	920.791889675	58.8	3283.0	HS180911-1053-MAN.wav	910.4380	10.3539	3224.211	-71.13	Ic12	
74	Spectrogram 1	1	921.296373942	934.893426085	176.4	3229.6	HS180911-1053-MAN.wav	921.2964	13.5971	3053.108	-70.35	Dm13	
75	Spectrogram 1	1	936.146173408	951.881277920	101.6	3507.6	HS180911-1053-MAN.wav	936.1462	15.7351	3406.007	-71.65	Dm12	
76	Spectrogram 1	1	953.218674642	968.305156525	10.7	3534.3	HS180911-1053-MAN.wav	953.2187	15.0865	3523.640	-66.54	Il21	
77	Spectrogram 1	1	969.722584977	978.418932815	48.1	3571.8	HS180911-1053-MAN.wav	969.7226	8.6963	3523.640	-65.14	Il13	
78	Spectrogram 1	1	979.042819124	987.763190022	85.6	3577.1	HS180911-1053-MAN.wav	979.0428	8.7204	3491.558	-65.80	Il21	
79	Spectrogram 1	1	991.490244665	996.895433238	90.9	3823.1	HS180911-1053-MAN.wav	991.4902	5.4052	3732.171	-61.19	Il12	
80	Spectrogram 1	1	997.976470953	1007.922017927	101.6	3833.8	HS180911-1053-MAN.wav	997.9765	9.9455	3732.171	-67.97	Il22	
81	Spectrogram 1	1	1008.853297524	1017.669760663	96.2	3726.8	HS180911-1053-MAN.wav	1008.8533	8.8165	3630.579	-66.62	Il22	
82	Spectrogram 1	1	1018.126198809	1025.621393630	32.1	3609.2	HS180911-1053-MAN.wav	1018.1262	7.4952	3577.109	-66.82	Il22	
83	Spectrogram 1	1	1026.302918367	1035.503750471	26.7	3619.9	HS180911-1053-MAN.wav	1026.3029	9.2008	3593.150	-70.11	Ib28	
84	Spectrogram 1	1	1036.128350039	1045.521366626	101.6	3523.6	HS180911-1053-MAN.wav	1036.1284	9.3930	3422.048	-68.20	Ib210	
85	Spectrogram 1	1	1046.168138686	1056.065639540	53.5	3539.7	HS180911-1053-MAN.wav	1046.1681	9.8975	3486.211	-69.75	Ib29	
86	Spectrogram 1	1	1056.554555272	1066.764355909	21.4	3448.8	HS180911-1053-MAN.wav	1056.5546	10.2098	3427.395	-69.79	Ib210	
87	Spectrogram 1	1	1067.307786248	1077.901955851	69.5	3406.0	HS180911-1053-MAN.wav	1067.3078	10.5942	3336.496	-72.62	Ib214	
88	Spectrogram 1	1	1078.371042075	1086.178536680	16.0	2251.1	HS180911-1053-MAN.wav	1078.3710	7.8075	2235.025	-68.17	Il22	
89	Spectrogram 1	1	1086.975305035	1096.104067958	74.9	2636.0	HS180911-1053-MAN.wav	1086.9753	9.1288	2561.189	-71.36	Ic21	
90	Spectrogram 1	1	1097.233151793	1108.211690361	74.9	2823.2	HS180911-1053-MAN.wav	1097.2332	10.9785	2748.332	-69.70	Ic21	
91	Spectrogram 1	1	1108.787598443	1118.853260718	106.9	2844.6	HS180911-1053-MAN.wav	1108.7876	10.0657	2737.638	-66.80	Ic21	
92	Spectrogram 1	1	1120.318667398	1130.264214372	90.9	2887.4	HS180911-1053-MAN.wav	1120.3187	9.9455	2796.455	-66.81	Ic21	
93	Spectrogram 1	1	1131.196631436	1142.439423668	80.2	2871.3	HS180911-1053-MAN.wav	1131.1966	11.2428	2791.108	-67.28	Ic21	
94	Spectrogram 1	1	1148.600837721	1164.311919173	74.9	3534.3	HS180911-1053-MAN.wav	1148.6008	15.7111	3459.476	-70.16	Dm12	
95	Spectrogram 1	1	1165.445688661	1180.339986062	64.2	3571.8	HS180911-1053-MAN.wav	1165.4457	14.8943	3507.599	-69.75	Dm12	
96	Spectrogram 1	1	1180.876591600	1197.740779947	128.3	3593.2	HS180911-1053-MAN.wav	1180.8766	16.8642	3464.823	-69.59	Dm12	
97	Spectrogram 1	1	1198.237726154	1212.603516228	165.8	3587.8	HS180911-1053-MAN.wav	1198.2377	14.3658	3422.048	-70.84	Dm12	
98	Spectrogram 1	1	1213.441335461	1228.936209370	48.1	3598.5	HS180911-1053-MAN.wav	1213.4413	15.4949	3550.374	-72.65	Il22	
99	Spectrogram 1	1	1229.174232775	1240.441048067	90.9	3545.0	HS180911-1053-MAN.wav	1229.1742	11.2668	3454.129	-69.30	Il22	
100	Spectrogram 1	1	1240.969555394	1251.275448273	85.6	3539.7	HS180911-1053-MAN.wav	1240.9696	10.3059	3454.129	-68.63	Il22	
101	Spectrogram 1	1	1251.788387223	1262.214395403	53.5	3587.8	HS180911-1053-MAN.wav	1251.7884	10.4260	3534.334	-68.88	Il22	
102	Spectrogram 1	1	1262.717453310	1271.557939509	149.7	3571.8	HS180911-1053-MAN.wav	1262.7175	8.8405	3422.048	-69.85	Il22	
103	Spectrogram 1	1	1271.966331534	1281.239232819	5.3	3593.2	HS180911-1053-MAN.wav	1271.9663	9.2729	3587.803	-68.86	Ee22	
104	Spectrogram 1	1	1281.682021049	1290.546530309	42.8	3614.5	HS180911-1053-MAN.wav	1281.6820	8.8645	3571.762	-67.78	Ee22	
105	Spectrogram 1	1	1290.936654344	1299.584956060	74.9	3283.0	HS180911-1053-MAN.wav	1290.9367	8.6483	3208.170	-69.94	Ee22	
106	Spectrogram 1	1	1300.416306493	1309.232769632	10.7	3085.2	HS180911-1053-MAN.wav	1300.4163	8.8165	3074.496	-67.99	Ee22	
107	Spectrogram 1	1	1309.713230839	1318.938086003	21.4	3101.2	HS180911-1053-MAN.wav	1309.7132	9.2249	3079.843	-70.90	Ee22	
108	Spectrogram 1	1	1319.545623255	1327.905648248	37.4	3122.6	HS180911-1053-MAN.wav	1319.5456	8.3600	3085.190	-68.87	Ee22	
109	Spectrogram 1	1	1328.338063333	1337.394757075	90.9	3133.3	HS180911-1053-MAN.wav	1328.3381	9.0567	3042.414	-69.05	Il22	
110	Spectrogram 1	1	1337.847493927	1346.663957066	101.6	3149.4	HS180911-1053-MAN.wav	1337.8475	8.8165	3047.761	-65.91	Il22	
111	Spectrogram 1	1	1347.168441333	1355.240189602	155.1	3165.4	HS180911-1053-MAN.wav	1347.1684	8.0717	3010.333	-67.02	Ib27	
112	Spectrogram 1	1	1355.814948816	1365.087850101	96.2	3186.8	HS180911-1053-MAN.wav	1355.8149	9.2729	3090.537	-66.97	Ib28	
113	Spectrogram 1	1	1365.904634152	1374.961327894	106.9	3293.7	HS180911-1053-MAN.wav	1365.9046	9.0567	3186.782	-68.09	Il22	
114	Spectrogram 1	1	1375.454080706	1384.558820569	85.6	3315.1	HS180911-1053-MAN.wav	1375.4541	9.1047	3229.557	-67.57	Il22	
115	Spectrogram 1	1	1384.943189534	1394.432298362	106.9	3368.6	HS180911-1053-MAN.wav	1384.9432	9.4891	3261.639	-63.71	Ic21	
116	Spectrogram 1	1	1395.276653659	1405.030016151	37.4	3384.6	HS180911-1053-MAN.wav	1395.2767	9.7534	3347.190	-63.70	Ic21	
117	Spectrogram 1	1	1405.798754081	1417.497984459	16.0	3379.3	HS180911-1053-MAN.wav	1405.7988	11.6992	3363.231	-63.56	Ic21	
118	Spectrogram 1	1	1418.473116782	1429.499701470	187.1	3416.7	HS180911-1053-MAN.wav	1418.4731	11.0266	3229.557	-63.08	Ic21	
119	Spectrogram 1	1	1430.043912803	1438.259799434	42.8	3416.7	HS180911-1053-MAN.wav	1430.0439	8.2159	3373.925	-66.73	Il22	
120	Spectrogram 1	1	1438.764283701	1443.592918826	117.6	3422.0	HS180911-1053-MAN.wav	1438.7643	4.8286	3304.415	-69.99	Ib22	
121	Spectrogram 1	1	1443.953264731	1452.649612568	101.6	3379.3	HS180911-1053-MAN.wav	1443.9533	8.6963	3277.680	-70.35	Ib22	
122	Spectrogram 1	1	1452.940656484	1462.573903673	101.6	3341.8	HS180911-1053-MAN.wav	1452.9407	9.6332	3240.251	-72.87	Ib28	
123	Spectrogram 1	1	1462.838157337	1472.663589009	74.9	3293.7	HS180911-1053-MAN.wav	1462.8382	9.8254	3218.864	-69.47	Ib211	
124	Spectrogram 1	1	1473.091165491	1483.805450396	155.1	3229.6	HS180911-1053-MAN.wav	1473.0912	10.7143	3074.496	-68.49	Ic21	
125	Spectrogram 1	1	1484.406026904	1496.033188101	123.0	3256.3	HS180911-1053-MAN.wav	1484.4060	11.6272	3133.312	-67.51	Ic21	
126	Spectrogram 1	1	1496.485924953	1507.680671063	123.0	3256.3	HS180911-1053-MAN.wav	1496.4859	11.1947	3133.312	-68.04	Ic21	
127	Spectrogram 1	1	1514.327164084	1531.093833928	106.9	3801.7	HS180911-1053-MAN.wav	1514.3272	16.7667	3694.742	-71.79	Dm12	
128	Spectrogram 1	1	1531.643800645	1546.730282529	160.4	3668.0	HS180911-1053-MAN.wav	1531.6438	15.0865	3507.599	-71.18	Dm12	
129	Spectrogram 1	1	1548.063842452	1564.039177567	69.5	3609.2	HS180911-1053-MAN.wav	1548.0638	15.9753	3539.681	-72.95	Dm12	
130	Spectrogram 1	1	1564.748137922	1579.474273901	96.2	3566.4	HS180911-1053-MAN.wav	1564.7481	14.7261	3470.170	-70.60	Dm12	
131	Spectrogram 1	1	1580.564547136	1595.434821476	0.0	3587.8	HS180911-1053-MAN.wav	1580.5645	14.8703	3587.803	-72.34	Il21	
132	Spectrogram 1	1	1595.955366378	1608.159081023	5.3	3587.8	HS180911-1053-MAN.wav	1595.9554	12.2037	3582.456	-72.88	Il22	
133	Spectrogram 1	1	1608.757806962	1620.264852857	0.0	3598.5	HS180911-1053-MAN.wav	1608.7578	11.5070	3598.497	-72.79	Il22	
134	Spectrogram 1	1	1620.646590260	1629.463053398	16.0	3368.6	HS180911-1053-MAN.wav	1620.6466	8.8165	3352.537	-71.12	Il21	
135	Spectrogram 1	1	1630.191339190	1639.055848449	21.4	3341.8	HS180911-1053-MAN.wav	1630.1913	8.8645	3320.456	-72.45	Il22	
136	Spectrogram 1	1	1639.536309656	1649.073464604	42.8	3390.0	HS180911-1053-MAN.wav	1639.5363	9.5372	3347.190	-72.88	Ee22	
137	Spectrogram 1	1	1649.313830993	1659.667769993	96.2	3379.3	HS180911-1053-MAN.wav	1649.3138	10.3539	3283.027	-73.11	Ee23	
138	Spectrogram 1	1	1659.883977536	1667.955725805	106.9	3288.4	HS180911-1053-MAN.wav	1659.8840	8.0717	3181.435	-71.12	Ee22	
139	Spectrogram 1	1	1668.364117830	1676.507935280	37.4	3272.3	HS180911-1053-MAN.wav	1668.3641	8.1438	3234.904	-73.07	Ee22	
140	Spectrogram 1	1	1676.815396303	1685.007259873	42.8	3224.2	HS180911-1053-MAN.wav	1676.8154	8.1919	3181.435	-69.65	Ee22	
141	Spectrogram 1	1	1685.511744140	1693.054985082	32.1	3197.5	HS180911-1053-MAN.wav	1685.5117	7.5432	3165.394	-71.71	Ee22	
142	Spectrogram 1	1	1693.728835974	1709.872332511	21.4	3272.3	HS180911-1053-MAN.wav	1693.7288	16.1435	3250.945	-74.83	Dm11	
143	Spectrogram 1	1	1710.335374614	1725.109556714	0.0	3341.8	HS180911-1053-MAN.wav	1710.3354	14.7742	3341.843	-74.51	Dm12	
144	Spectrogram 1	1	1725.854271584	1739.595462089	117.6	3411.4	HS180911-1053-MAN.wav	1725.8543	13.7412	3293.721	-75.10	Dm11	
145	Spectrogram 1	1	1741.057948626	1763.831809813	32.1	3454.1	HS180911-1053-MAN.wav	1741.0579	22.7739	3422.048	-73.30	Dm22	
146	Spectrogram 1	1	1764.767282962	1779.853764846	133.7	3603.8	HS180911-1053-MAN.wav	1764.7673	15.0865	3470.170	-68.95	Dm12	
147	Spectrogram 1	1	1781.525209446	1798.293305552	10.7	3700.1	HS180911-1053-MAN.wav	1781.5252	16.7681	3689.395	-67.73	Dm12	
