Selection	View	Channel	Begin File	Begin Clock Time	Begin Time (s)	End Time (s)	Low Freq (Hz)	High Freq (Hz)	Delta Time (s)	Delta Freq (Hz)	Avg Power Density (dB FS/Hz)	Category	Comment
1	Spectrogram 1	1	HS180803-1236-ESM.wav	0.1699	0.169868689	13.487573875	30.247	2408.410	13.3177	2378.164	-67.70	Ij13	
2	Spectrogram 1	1	HS180803-1236-ESM.wav	14.4049	14.404864793	28.809729586	30.247	2412.191	14.4049	2381.944	-65.09	Ij13	
3	Spectrogram 1	1	HS180803-1236-ESM.wav	29.2854	29.285361914	48.786287365	34.028	2381.944	19.5009	2347.917	-66.89	Ij14	
4	Spectrogram 1	1	HS180803-1236-ESM.wav	49.3203	49.320346764	63.623290344	41.590	2385.725	14.3029	2344.136	-63.91	Il12	
5	Spectrogram 1	1	HS180803-1236-ESM.wav	69.8124	69.812377648	81.635238374	68.056	2536.960	11.8229	2468.904	-66.92	Il12	
6	Spectrogram 1	1	HS180803-1236-ESM.wav	88.5363	88.536313209	98.014986033	98.302	2291.204	9.4787	2192.901	-72.51	Ib28	
7	Spectrogram 1	1	HS180803-1236-ESM.wav	98.3606	98.360590448	109.673845109	52.932	2381.944	11.3133	2329.012	-73.36	Ib26	
8	Spectrogram 1	1	HS180803-1236-ESM.wav	110.2929	110.292923254	118.820331421	22.685	2434.877	8.5274	2412.191	-70.25	Ib27	
9	Spectrogram 1	1	HS180803-1236-ESM.wav	119.3979	119.397884963	127.177870900	60.494	2068.133	7.7800	2007.639	-69.46	Ib24	
10	Spectrogram 1	1	HS180803-1236-ESM.wav	127.8363	127.836323837	137.145127972	136.111	2306.327	9.3088	2170.216	-74.11	Ib211	
11	Spectrogram 1	1	HS180803-1236-ESM.wav	137.3582	137.358205093	146.293298113	136.111	2083.256	8.9351	1947.145	-71.91	Ib26	
12	Spectrogram 1	1	HS180803-1236-ESM.wav	147.2446	147.244562769	156.587340642	45.370	2257.176	9.3428	2211.806	-67.23	Ib26	
13	Spectrogram 1	1	HS180803-1236-ESM.wav	156.7272	156.727185811	166.375727323	60.494	2680.633	9.6485	2620.139	-66.54	Ic21	
14	Spectrogram 1	1	HS180803-1236-ESM.wav	167.2590	167.259044504	177.790903197	109.645	2710.880	10.5319	2601.235	-66.99	Ic21	
15	Spectrogram 1	1	HS180803-1236-ESM.wav	178.8592	178.859190963	188.847469853	37.809	2691.975	9.9883	2654.167	-64.72	Ic21	
16	Spectrogram 1	1	HS180803-1236-ESM.wav	189.4590	189.458997132	200.432514415	86.960	2650.386	10.9735	2563.426	-62.76	Ic21	
17	Spectrogram 1	1	HS180803-1236-ESM.wav	201.0393	201.039339616	213.269885196	71.836	2699.537	12.2305	2627.701	-64.01	Ic22	
18	Spectrogram 1	1	HS180803-1236-ESM.wav	214.3231	214.323071065	228.626014645	113.426	2680.633	14.3029	2567.207	-62.30	Dm12	
19	Spectrogram 1	1	HS180803-1236-ESM.wav	230.2824	230.282425232	243.464235467	155.015	2639.043	13.1818	2484.028	-60.46	Dm12	
20	Spectrogram 1	1	HS180803-1236-ESM.wav	244.2479	244.247897825	257.089970683	0.000	2642.824	12.8421	2642.824	-59.36	Dm12	
21	Spectrogram 1	1	HS180803-1236-ESM.wav	258.0752	258.075209077	271.528809214	94.522	2669.290	13.4536	2574.769	-61.59	Dm12	
22	Spectrogram 1	1	HS180803-1236-ESM.wav	272.3143	272.314271814	284.952502246	41.590	2635.262	12.6382	2593.673	-68.97	Il21	
23	Spectrogram 1	1	HS180803-1236-ESM.wav	285.8557	285.855738179	296.217728184	41.590	2518.056	10.3620	2476.466	-69.42	Il22	
24	Spectrogram 1	1	HS180803-1236-ESM.wav	297.2709	297.270914053	304.779110089	52.932	2525.617	7.5082	2472.685	-70.12	Il22	
25	Spectrogram 1	1	HS180803-1236-ESM.wav	305.1480	305.147976357	311.025432982	86.960	2351.698	5.8775	2264.738	-69.48	Il21	
26	Spectrogram 1	1	HS180803-1236-ESM.wav	311.7049	311.704907737	320.164368429	102.083	2215.586	8.4595	2113.503	-69.25	Il23	
27	Spectrogram 1	1	HS180803-1236-ESM.wav	320.6082	320.608176996	329.373401327	45.370	2370.602	8.7652	2325.231	-70.04	Ib27	
28	Spectrogram 1	1	HS180803-1236-ESM.wav	329.5972	329.597164306	339.279679556	0.000	2450.000	9.6825	2450.000	-66.70	Ib29	
29	Spectrogram 1	1	HS180803-1236-ESM.wav	339.7234	339.723371380	349.236017942	49.151	2325.231	9.5126	2276.080	-70.15	Ib26	
30	Spectrogram 1	1	HS180803-1236-ESM.wav	349.5418	349.541781581	359.360191782	102.083	2393.287	9.8184	2291.204	-69.15	Ib210	
31	Spectrogram 1	1	HS180803-1236-ESM.wav	359.9992	359.999190315	370.021442943	83.179	2563.426	10.0223	2480.247	-64.94	Il21	
32	Spectrogram 1	1	HS180803-1236-ESM.wav	370.8406	370.840646288	381.270583768	64.275	2431.096	10.4299	2366.821	-62.80	Ic21	
33	Spectrogram 1	1	HS180803-1236-ESM.wav	382.3238	382.323769637	390.069781837	132.330	2468.904	7.7460	2336.574	-70.20	Il22	
34	Spectrogram 1	1	HS180803-1236-ESM.wav	390.7749	390.774927604	401.170891346	56.713	2597.454	10.3960	2540.741	-67.35	Ic21	
35	Spectrogram 1	1	HS180803-1236-ESM.wav	401.4087	401.408707510	413.367463188	75.617	2567.207	11.9588	2491.590	-66.42	Ic21	
36	Spectrogram 1	1	HS180803-1236-ESM.wav	414.8600	414.859956678	428.177661864	26.466	2673.071	13.3177	2646.605	-60.73	Dm12	
37	Spectrogram 1	1	HS180803-1236-ESM.wav	428.7892	428.789189143	442.820342821	139.892	2669.290	14.0312	2529.398	-60.07	Dm12	
38	Spectrogram 1	1	HS180803-1236-ESM.wav	443.4718	443.471827454	458.080534674	68.056	2665.509	14.6087	2597.454	-59.19	Dm12	
39	Spectrogram 1	1	HS180803-1236-ESM.wav	458.5222	458.522193264	472.179635827	30.247	2642.824	13.6574	2612.577	-64.84	Dm12	
